   1.0000000e+00   0.0000000e+00   8.4337173e-01   1.0000000e+00
   1.0000000e+00   0.0000000e+00   5.9908254e-01   2.0000000e+00
   1.0000000e+00   0.0000000e+00   7.5669782e-01   3.0000000e+00
   1.0000000e+00   0.0000000e+00   7.4670573e-01   4.0000000e+00
   1.0000000e+00   0.0000000e+00   6.2134867e-01   5.0000000e+00
   1.0000000e+00   0.0000000e+00   4.4274926e-01   6.0000000e+00
   1.0000000e+00   0.0000000e+00   2.2588578e-01   7.0000000e+00
   1.0000000e+00   0.0000000e+00   4.0974763e-01   8.0000000e+00
   1.0000000e+00   0.0000000e+00   3.6109800e-01   9.0000000e+00
   1.0000000e+00   0.0000000e+00   8.0100069e-01   1.0000000e+01
   1.0000000e+00   0.0000000e+00   5.6354773e-01   1.1000000e+01
   1.0000000e+00   0.0000000e+00   5.1633903e-01   1.2000000e+01
   1.0000000e+00   0.0000000e+00   4.0579015e-01   1.3000000e+01
   1.0000000e+00   0.0000000e+00   5.4987859e-01   1.4000000e+01
   1.0000000e+00   0.0000000e+00   7.5833827e-01   1.5000000e+01
   1.0000000e+00   0.0000000e+00   4.5538501e-01   1.6000000e+01
   1.0000000e+00   0.0000000e+00   5.0620264e-01   1.7000000e+01
   1.0000000e+00   0.0000000e+00   7.0408376e-01   1.8000000e+01
   1.0000000e+00   0.0000000e+00   4.7527334e-01   1.9000000e+01
   1.0000000e+00   0.0000000e+00   5.7334421e-01   2.0000000e+01
   1.0000000e+00   0.0000000e+00   5.3261286e-01   2.1000000e+01
   1.0000000e+00   0.0000000e+00   6.1935795e-01   2.2000000e+01
   1.0000000e+00   0.0000000e+00   2.4697313e-01   2.3000000e+01
   1.0000000e+00   0.0000000e+00   6.4981221e-01   2.4000000e+01
   1.0000000e+00   0.0000000e+00   7.2421845e-01   2.5000000e+01
   1.0000000e+00   0.0000000e+00   5.9604338e-01   2.6000000e+01
   1.0000000e+00   0.0000000e+00   2.7649831e-02   2.7000000e+01
   1.0000000e+00   0.0000000e+00   4.7768880e-01   2.8000000e+01
   1.0000000e+00   0.0000000e+00   2.0084470e-01   2.9000000e+01
   1.0000000e+00   0.0000000e+00   2.1362445e-01   3.0000000e+01
   1.0000000e+00   0.0000000e+00   6.1292743e-01   3.1000000e+01
   1.0000000e+00   0.0000000e+00   3.7940641e-01   3.2000000e+01
   1.0000000e+00   0.0000000e+00   4.3826509e-01   3.3000000e+01
   1.0000000e+00   0.0000000e+00   2.6892424e-01   3.4000000e+01
   1.0000000e+00   0.0000000e+00   5.0541445e-01   3.5000000e+01
   1.0000000e+00   0.0000000e+00   5.9086989e-02   3.6000000e+01
   1.0000000e+00   0.0000000e+00   5.1038422e-01   3.7000000e+01
   1.0000000e+00   0.0000000e+00   6.3896528e-01   3.8000000e+01
   1.0000000e+00   0.0000000e+00   5.6382662e-01   3.9000000e+01
   1.0000000e+00   0.0000000e+00   6.4989351e-01   4.0000000e+01
   1.0000000e+00   0.0000000e+00   3.7614215e-01   4.1000000e+01
   1.0000000e+00   0.0000000e+00   8.1818682e-01   4.2000000e+01
   1.0000000e+00   0.0000000e+00   6.1131037e-01   4.3000000e+01
   1.0000000e+00   0.0000000e+00   6.6199205e-01   4.4000000e+01
   1.0000000e+00   0.0000000e+00   4.1677473e-01   4.5000000e+01
   1.0000000e+00   0.0000000e+00   2.3706612e-01   4.6000000e+01
   1.0000000e+00   0.0000000e+00   2.0660294e-01   4.7000000e+01
   1.0000000e+00   0.0000000e+00   1.4673082e-01   4.8000000e+01
   1.0000000e+00   0.0000000e+00   2.2430710e-01   4.9000000e+01
   1.0000000e+00   0.0000000e+00   6.5581260e-01   5.0000000e+01
   1.0000000e+00   0.0000000e+00   4.1991072e-01   5.1000000e+01
   1.0000000e+00   0.0000000e+00   2.5264931e-01   5.2000000e+01
   1.0000000e+00   0.0000000e+00   4.8882512e-01   5.3000000e+01
   1.0000000e+00   0.0000000e+00   5.8336893e-01   5.4000000e+01
   1.0000000e+00   0.0000000e+00   6.1025342e-01   5.5000000e+01
   1.0000000e+00   0.0000000e+00   4.0686007e-01   5.6000000e+01
   1.0000000e+00   0.0000000e+00   6.8429334e-01   5.7000000e+01
   1.0000000e+00   0.0000000e+00   5.0620050e-01   5.8000000e+01
   1.0000000e+00   0.0000000e+00   4.5338445e-01   5.9000000e+01
   1.0000000e+00   0.0000000e+00   3.7033899e-01   6.0000000e+01
   1.0000000e+00   0.0000000e+00   8.2171886e-02   6.1000000e+01
   1.0000000e+00   0.0000000e+00   4.9365450e-01   6.2000000e+01
   1.0000000e+00   0.0000000e+00   7.3248991e-04   6.3000000e+01
   1.0000000e+00   0.0000000e+00   6.7501720e-01   6.4000000e+01
   1.0000000e+00   0.0000000e+00   5.9278178e-01   6.5000000e+01
   1.0000000e+00   0.0000000e+00   6.2847638e-01   6.6000000e+01
   1.0000000e+00   0.0000000e+00   4.9400613e-01   6.7000000e+01
   1.0000000e+00   0.0000000e+00   5.5754776e-01   6.8000000e+01
   1.0000000e+00   0.0000000e+00   4.0315965e-01   6.9000000e+01
   1.0000000e+00   0.0000000e+00   3.1549312e-01   7.0000000e+01
   1.0000000e+00   0.0000000e+00   9.0511880e-03   7.1000000e+01
   1.0000000e+00   0.0000000e+00   5.0199404e-01   7.2000000e+01
   1.0000000e+00   0.0000000e+00   5.9323583e-01   7.3000000e+01
   1.0000000e+00   0.0000000e+00   7.1360445e-01   7.4000000e+01
   1.0000000e+00   0.0000000e+00   4.2982809e-01   7.5000000e+01
   1.0000000e+00   0.0000000e+00   7.3525909e-01   7.6000000e+01
   1.0000000e+00   0.0000000e+00   3.0244377e-01   7.7000000e+01
   1.0000000e+00   0.0000000e+00   1.1343224e-03   7.8000000e+01
   1.0000000e+00   0.0000000e+00   6.0467381e-01   7.9000000e+01
   1.0000000e+00   0.0000000e+00   4.8853580e-01   8.0000000e+01
   1.0000000e+00   0.0000000e+00   2.2048036e-01   8.1000000e+01
   1.0000000e+00   0.0000000e+00   4.0026909e-01   8.2000000e+01
   1.0000000e+00   0.0000000e+00   5.0018461e-01   8.3000000e+01
   1.0000000e+00   0.0000000e+00   6.5593738e-01   8.4000000e+01
   1.0000000e+00   0.0000000e+00   7.7067797e-01   8.5000000e+01
   1.0000000e+00   0.0000000e+00   7.9014685e-01   8.6000000e+01
   1.0000000e+00   0.0000000e+00   5.6208981e-01   8.7000000e+01
   1.0000000e+00   0.0000000e+00   7.0290827e-01   8.8000000e+01
   1.0000000e+00   0.0000000e+00   9.3582754e-01   8.9000000e+01
   1.0000000e+00   0.0000000e+00   7.9699692e-01   9.0000000e+01
   1.0000000e+00   0.0000000e+00   9.2584075e-01   9.1000000e+01
   1.0000000e+00   0.0000000e+00   6.2541412e-01   9.2000000e+01
   1.0000000e+00   0.0000000e+00   7.5249798e-01   9.3000000e+01
   1.0000000e+00   0.0000000e+00   8.0807140e-01   9.4000000e+01
   1.0000000e+00   0.0000000e+00   5.5700927e-01   9.5000000e+01
   1.0000000e+00   0.0000000e+00   5.1457414e-01   9.6000000e+01
   1.0000000e+00   0.0000000e+00   3.6010124e-01   9.7000000e+01
   1.0000000e+00   0.0000000e+00   6.9133028e-01   9.8000000e+01
   1.0000000e+00   0.0000000e+00   3.6977669e-01   9.9000000e+01
   1.0000000e+00   0.0000000e+00   7.1797815e-01   1.0000000e+02
   1.0000000e+00   0.0000000e+00   8.2857889e-01   1.0100000e+02
   1.0000000e+00   0.0000000e+00   7.9493645e-01   1.0200000e+02
   1.0000000e+00   0.0000000e+00   8.2443593e-01   1.0300000e+02
   1.0000000e+00   0.0000000e+00   7.1300066e-01   1.0400000e+02
   1.0000000e+00   0.0000000e+00   6.2670142e-01   1.0500000e+02
   1.0000000e+00   0.0000000e+00   8.1614087e-01   1.0600000e+02
   1.0000000e+00   0.0000000e+00   5.2347173e-01   1.0700000e+02
   1.0000000e+00   0.0000000e+00   3.2898694e-01   1.0800000e+02
   1.0000000e+00   0.0000000e+00   5.0390568e-01   1.0900000e+02
   1.0000000e+00   0.0000000e+00   5.0041463e-01   1.1000000e+02
   1.0000000e+00   0.0000000e+00   2.8402630e-01   1.1100000e+02
   1.0000000e+00   0.0000000e+00   1.6204886e-01   1.1200000e+02
   1.0000000e+00   0.0000000e+00   4.5761782e-01   1.1300000e+02
   1.0000000e+00   0.0000000e+00   6.0396837e-03   1.1400000e+02
   1.0000000e+00   0.0000000e+00   3.5647797e-01   1.1500000e+02
   1.0000000e+00   0.0000000e+00   3.8018013e-01   1.1600000e+02
   1.0000000e+00   0.0000000e+00   6.7121468e-01   1.1700000e+02
   1.0000000e+00   0.0000000e+00   4.9907889e-01   1.1800000e+02
   1.0000000e+00   0.0000000e+00   3.6948758e-01   1.1900000e+02
   1.0000000e+00   0.0000000e+00   8.4500829e-02   1.2000000e+02
   1.0000000e+00   0.0000000e+00   3.7266127e-01   1.2100000e+02
   1.0000000e+00   0.0000000e+00   1.2854081e-01   1.2200000e+02
   1.0000000e+00   0.0000000e+00   4.4733801e-01   1.2300000e+02
   1.0000000e+00   0.0000000e+00   5.1776327e-01   1.2400000e+02
   1.0000000e+00   0.0000000e+00   2.3922440e-01   1.2500000e+02
   1.0000000e+00   0.0000000e+00   6.1757643e-01   1.2600000e+02
   1.0000000e+00   0.0000000e+00   3.1083192e-01   1.2700000e+02
   1.0000000e+00   0.0000000e+00   2.6482238e-01   1.2800000e+02
   1.0000000e+00   0.0000000e+00   5.6606680e-01   1.2900000e+02
   1.0000000e+00   0.0000000e+00   1.9085973e-01   1.3000000e+02
   1.0000000e+00   0.0000000e+00   3.3992362e-01   1.3100000e+02
   1.0000000e+00   0.0000000e+00   5.6963669e-01   1.3200000e+02
   1.0000000e+00   0.0000000e+00   4.0755459e-01   1.3300000e+02
   1.0000000e+00   0.0000000e+00   1.9417241e-01   1.3400000e+02
   1.0000000e+00   0.0000000e+00   8.2237079e-01   1.3500000e+02
   1.0000000e+00   0.0000000e+00   3.6677896e-01   1.3600000e+02
   1.0000000e+00   0.0000000e+00   3.8377885e-01   1.3700000e+02
   1.0000000e+00   0.0000000e+00   4.4623487e-01   1.3800000e+02
   1.0000000e+00   0.0000000e+00   4.4997740e-01   1.3900000e+02
   1.0000000e+00   0.0000000e+00   3.1522872e-01   1.4000000e+02
   1.0000000e+00   0.0000000e+00   3.9604665e-01   1.4100000e+02
   1.0000000e+00   0.0000000e+00   5.5249185e-01   1.4200000e+02
   1.0000000e+00   0.0000000e+00   5.4984077e-03   1.4300000e+02
   1.0000000e+00   0.0000000e+00   7.8275367e-01   1.4400000e+02
   1.0000000e+00   0.0000000e+00   8.2206213e-01   1.4500000e+02
   1.0000000e+00   0.0000000e+00   7.3692600e-01   1.4600000e+02
   1.0000000e+00   0.0000000e+00   3.5862713e-01   1.4700000e+02
   1.0000000e+00   0.0000000e+00   3.3626091e-01   1.4800000e+02
   1.0000000e+00   0.0000000e+00   8.3966172e-01   1.4900000e+02
   1.0000000e+00   0.0000000e+00   5.4675101e-01   1.5000000e+02
   1.0000000e+00   0.0000000e+00   7.8552487e-01   1.5100000e+02
   1.0000000e+00   0.0000000e+00   1.1216393e-01   1.5200000e+02
   1.0000000e+00   0.0000000e+00   6.3294619e-01   1.5300000e+02
   1.0000000e+00   0.0000000e+00   5.3353851e-01   1.5400000e+02
   1.0000000e+00   0.0000000e+00   6.6761545e-01   1.5500000e+02
   1.0000000e+00   0.0000000e+00   6.8845467e-01   1.5600000e+02
   1.0000000e+00   0.0000000e+00   3.1962530e-01   1.5700000e+02
   1.0000000e+00   0.0000000e+00   3.0767957e-01   1.5800000e+02
   1.0000000e+00   0.0000000e+00   4.6786452e-01   1.5900000e+02
   1.0000000e+00   0.0000000e+00   7.6476056e-01   1.6000000e+02
   1.0000000e+00   0.0000000e+00   5.4123236e-01   1.6100000e+02
   1.0000000e+00   0.0000000e+00   9.6797434e-01   1.6200000e+02
   1.0000000e+00   0.0000000e+00   9.0217244e-03   1.6300000e+02
   1.0000000e+00   0.0000000e+00   5.3695806e-01   1.6400000e+02
   1.0000000e+00   0.0000000e+00   4.6972369e-01   1.6500000e+02
   1.0000000e+00   0.0000000e+00   6.7447758e-01   1.6600000e+02
   1.0000000e+00   0.0000000e+00   5.1141681e-01   1.6700000e+02
   1.0000000e+00   0.0000000e+00   3.3829793e-01   1.6800000e+02
   1.0000000e+00   0.0000000e+00   4.7788051e-01   1.6900000e+02
   1.0000000e+00   0.0000000e+00   2.6704687e-01   1.7000000e+02
   1.0000000e+00   0.0000000e+00   6.0958551e-02   1.7100000e+02
   1.0000000e+00   0.0000000e+00   3.4575545e-01   1.7200000e+02
   1.0000000e+00   0.0000000e+00   5.2980266e-01   1.7300000e+02
   1.0000000e+00   0.0000000e+00   6.6865897e-01   1.7400000e+02
   1.0000000e+00   0.0000000e+00   5.2077573e-01   1.7500000e+02
   1.0000000e+00   0.0000000e+00   4.6917588e-01   1.7600000e+02
   1.0000000e+00   0.0000000e+00   1.2937708e-01   1.7700000e+02
   1.0000000e+00   0.0000000e+00   7.0216033e-01   1.7800000e+02
   1.0000000e+00   0.0000000e+00   5.6513467e-01   1.7900000e+02
   1.0000000e+00   0.0000000e+00   9.4491215e-01   1.8000000e+02
   1.0000000e+00   0.0000000e+00   3.0039641e-01   1.8100000e+02
   1.0000000e+00   0.0000000e+00   7.0526946e-01   1.8200000e+02
   1.0000000e+00   0.0000000e+00   3.2593493e-01   1.8300000e+02
   1.0000000e+00   0.0000000e+00   9.3811159e-01   1.8400000e+02
   1.0000000e+00   0.0000000e+00   5.8281828e-01   1.8500000e+02
   1.0000000e+00   0.0000000e+00   4.7752478e-01   1.8600000e+02
   1.0000000e+00   0.0000000e+00   4.7310091e-01   1.8700000e+02
   1.0000000e+00   0.0000000e+00   5.2536384e-01   1.8800000e+02
   1.0000000e+00   0.0000000e+00   2.7500770e-01   1.8900000e+02
   1.0000000e+00   0.0000000e+00   5.4412757e-01   1.9000000e+02
   1.0000000e+00   0.0000000e+00   6.0272862e-01   1.9100000e+02
   1.0000000e+00   0.0000000e+00   2.1220300e-01   1.9200000e+02
   1.0000000e+00   0.0000000e+00   4.8516954e-01   1.9300000e+02
   1.0000000e+00   0.0000000e+00   5.5200069e-01   1.9400000e+02
   1.0000000e+00   0.0000000e+00   6.9197680e-01   1.9500000e+02
   1.0000000e+00   0.0000000e+00   6.7486700e-01   1.9600000e+02
   1.0000000e+00   0.0000000e+00   7.5097786e-01   1.9700000e+02
   1.0000000e+00   0.0000000e+00   4.9524959e-01   1.9800000e+02
   1.0000000e+00   0.0000000e+00   5.9541772e-01   1.9900000e+02
   1.0000000e+00   0.0000000e+00   4.2918975e-01   2.0000000e+02
   1.0000000e+00   0.0000000e+00   4.0333388e-01   2.0100000e+02
   1.0000000e+00   0.0000000e+00   2.6976107e-01   2.0200000e+02
   1.0000000e+00   0.0000000e+00   3.2308903e-01   2.0300000e+02
   1.0000000e+00   0.0000000e+00   7.6818472e-01   2.0400000e+02
   1.0000000e+00   0.0000000e+00   3.6581241e-01   2.0500000e+02
   1.0000000e+00   0.0000000e+00   8.6803630e-01   2.0600000e+02
   1.0000000e+00   0.0000000e+00   8.9453003e-01   2.0700000e+02
   1.0000000e+00   0.0000000e+00   6.1840145e-01   2.0800000e+02
   1.0000000e+00   0.0000000e+00   6.9072285e-01   2.0900000e+02
   1.0000000e+00   0.0000000e+00   4.8897505e-01   2.1000000e+02
   1.0000000e+00   0.0000000e+00   4.1849924e-01   2.1100000e+02
   1.0000000e+00   0.0000000e+00   3.4265194e-01   2.1200000e+02
   1.0000000e+00   0.0000000e+00   6.5342342e-01   2.1300000e+02
   1.0000000e+00   0.0000000e+00   7.4179120e-01   2.1400000e+02
   1.0000000e+00   0.0000000e+00   6.0762821e-01   2.1500000e+02
   1.0000000e+00   0.0000000e+00   3.6594771e-01   2.1600000e+02
   1.0000000e+00   0.0000000e+00   9.2583379e-01   2.1700000e+02
   1.0000000e+00   0.0000000e+00   6.0448214e-01   2.1800000e+02
   1.0000000e+00   0.0000000e+00   1.1487682e-01   2.1900000e+02
   1.0000000e+00   0.0000000e+00   6.8043941e-01   2.2000000e+02
   1.0000000e+00   0.0000000e+00   7.6279227e-01   2.2100000e+02
   1.0000000e+00   0.0000000e+00   7.0199035e-01   2.2200000e+02
   1.0000000e+00   0.0000000e+00   5.4320152e-01   2.2300000e+02
   1.0000000e+00   0.0000000e+00   4.3005497e-01   2.2400000e+02
   1.0000000e+00   0.0000000e+00   4.7376786e-01   2.2500000e+02
   1.0000000e+00   0.0000000e+00   9.3198142e-01   2.2600000e+02
   1.0000000e+00   0.0000000e+00   7.2355949e-01   2.2700000e+02
   1.0000000e+00   0.0000000e+00   1.7014459e-01   2.2800000e+02
   1.0000000e+00   0.0000000e+00   7.7390599e-01   2.2900000e+02
   1.0000000e+00   0.0000000e+00   5.7713894e-01   2.3000000e+02
   1.0000000e+00   0.0000000e+00   8.0839178e-01   2.3100000e+02
   1.0000000e+00   0.0000000e+00   8.2063511e-01   2.3200000e+02
   1.0000000e+00   0.0000000e+00   3.6197932e-01   2.3300000e+02
   1.0000000e+00   0.0000000e+00   6.0475130e-01   2.3400000e+02
   1.0000000e+00   0.0000000e+00   2.9405874e-01   2.3500000e+02
   1.0000000e+00   0.0000000e+00   3.0058775e-01   2.3600000e+02
   1.0000000e+00   0.0000000e+00   6.7155976e-01   2.3700000e+02
   1.0000000e+00   0.0000000e+00   1.2243532e-01   2.3800000e+02
   1.0000000e+00   0.0000000e+00   7.2612771e-01   2.3900000e+02
   1.0000000e+00   0.0000000e+00   6.1694877e-01   2.4000000e+02
   1.0000000e+00   0.0000000e+00   6.2659071e-01   2.4100000e+02
   1.0000000e+00   0.0000000e+00   7.4402434e-01   2.4200000e+02
   1.0000000e+00   0.0000000e+00   9.1842003e-01   2.4300000e+02
   1.0000000e+00   0.0000000e+00   9.2058975e-01   2.4400000e+02
   1.0000000e+00   0.0000000e+00   9.2306039e-01   2.4500000e+02
   1.0000000e+00   0.0000000e+00   5.4806793e-01   2.4600000e+02
   1.0000000e+00   0.0000000e+00   5.2016038e-01   2.4700000e+02
   1.0000000e+00   0.0000000e+00   4.6336936e-01   2.4800000e+02
   1.0000000e+00   0.0000000e+00   3.6035952e-01   2.4900000e+02
   1.0000000e+00   0.0000000e+00   7.4795299e-01   2.5000000e+02
   1.0000000e+00   0.0000000e+00   9.0445098e-01   2.5100000e+02
   1.0000000e+00   0.0000000e+00   7.3167621e-01   2.5200000e+02
   1.0000000e+00   0.0000000e+00   3.6082468e-01   2.5300000e+02
   1.0000000e+00   0.0000000e+00   7.1869812e-01   2.5400000e+02
   1.0000000e+00   0.0000000e+00   9.3208338e-01   2.5500000e+02
   1.0000000e+00   0.0000000e+00   5.2191099e-01   2.5600000e+02
   1.0000000e+00   0.0000000e+00   2.7725327e-01   2.5700000e+02
   1.0000000e+00   0.0000000e+00   4.7063349e-01   2.5800000e+02
   1.0000000e+00   0.0000000e+00   3.1854997e-01   2.5900000e+02
   1.0000000e+00   0.0000000e+00   7.3823777e-01   2.6000000e+02
   1.0000000e+00   0.0000000e+00   5.3002431e-01   2.6100000e+02
   1.0000000e+00   0.0000000e+00   8.9846872e-01   2.6200000e+02
   1.0000000e+00   0.0000000e+00   8.1924743e-01   2.6300000e+02
   1.0000000e+00   0.0000000e+00   6.7241203e-01   2.6400000e+02
   1.0000000e+00   0.0000000e+00   6.3476013e-01   2.6500000e+02
   1.0000000e+00   0.0000000e+00   8.2680545e-01   2.6600000e+02
   1.0000000e+00   0.0000000e+00   5.4695376e-01   2.6700000e+02
   1.0000000e+00   0.0000000e+00   7.7919248e-01   2.6800000e+02
   1.0000000e+00   0.0000000e+00   7.1326411e-01   2.6900000e+02
   1.0000000e+00   0.0000000e+00   9.5206249e-01   2.7000000e+02
   1.0000000e+00   0.0000000e+00   6.0895480e-01   2.7100000e+02
   1.0000000e+00   0.0000000e+00   5.8283697e-01   2.7200000e+02
   1.0000000e+00   0.0000000e+00   5.7763976e-01   2.7300000e+02
   1.0000000e+00   0.0000000e+00   2.7345987e-01   2.7400000e+02
   1.0000000e+00   0.0000000e+00   7.2636689e-01   2.7500000e+02
   1.0000000e+00   0.0000000e+00   7.7006196e-01   2.7600000e+02
   1.0000000e+00   0.0000000e+00   7.0774167e-01   2.7700000e+02
   1.0000000e+00   0.0000000e+00   5.4946851e-01   2.7800000e+02
   1.0000000e+00   0.0000000e+00   5.8097413e-01   2.7900000e+02
   1.0000000e+00   0.0000000e+00   2.0371319e-01   2.8000000e+02
   1.0000000e+00   0.0000000e+00   6.9590932e-01   2.8100000e+02
   1.0000000e+00   0.0000000e+00   7.7072742e-01   2.8200000e+02
   1.0000000e+00   0.0000000e+00   6.8811579e-01   2.8300000e+02
   1.0000000e+00   0.0000000e+00   2.7726003e-01   2.8400000e+02
   1.0000000e+00   0.0000000e+00   9.4065081e-01   2.8500000e+02
   1.0000000e+00   0.0000000e+00   9.5416268e-01   2.8600000e+02
   1.0000000e+00   0.0000000e+00   6.3618122e-01   2.8700000e+02
   1.0000000e+00   0.0000000e+00   6.8351771e-01   2.8800000e+02
   1.0000000e+00   0.0000000e+00   8.8894779e-01   2.8900000e+02
   1.0000000e+00   0.0000000e+00   7.1048589e-01   2.9000000e+02
   1.0000000e+00   0.0000000e+00   7.1818346e-01   2.9100000e+02
   1.0000000e+00   0.0000000e+00   8.4494423e-01   2.9200000e+02
   1.0000000e+00   0.0000000e+00   3.6460321e-01   2.9300000e+02
   1.0000000e+00   0.0000000e+00   7.8135202e-01   2.9400000e+02
   1.0000000e+00   0.0000000e+00   3.2569798e-01   2.9500000e+02
   1.0000000e+00   0.0000000e+00   7.8261837e-01   2.9600000e+02
   1.0000000e+00   0.0000000e+00   7.4700826e-01   2.9700000e+02
   0.0000000e+00   0.0000000e+00   9.7093661e-01   2.9800000e+02
   0.0000000e+00   0.0000000e+00   9.9789279e-01   2.9900000e+02
   0.0000000e+00   0.0000000e+00   9.9802087e-01   3.0000000e+02
   0.0000000e+00   0.0000000e+00   9.9689395e-01   3.0100000e+02
   0.0000000e+00   0.0000000e+00   9.8136866e-01   3.0200000e+02
   0.0000000e+00   0.0000000e+00   9.8767642e-01   3.0300000e+02
   0.0000000e+00   0.0000000e+00   9.8629751e-01   3.0400000e+02
   0.0000000e+00   0.0000000e+00   9.9703366e-01   3.0500000e+02
   0.0000000e+00   0.0000000e+00   9.6098734e-01   3.0600000e+02
   0.0000000e+00   0.0000000e+00   9.9788529e-01   3.0700000e+02
   0.0000000e+00   0.0000000e+00   9.6979908e-01   3.0800000e+02
   0.0000000e+00   0.0000000e+00   9.8556218e-01   3.0900000e+02
   0.0000000e+00   0.0000000e+00   9.8227267e-01   3.1000000e+02
   0.0000000e+00   0.0000000e+00   9.9779880e-01   3.1100000e+02
   0.0000000e+00   0.0000000e+00   9.9341907e-01   3.1200000e+02
   0.0000000e+00   0.0000000e+00   9.9318999e-01   3.1300000e+02
   0.0000000e+00   0.0000000e+00   9.9186747e-01   3.1400000e+02
   0.0000000e+00   0.0000000e+00   9.7174901e-01   3.1500000e+02
   0.0000000e+00   0.0000000e+00   9.9238624e-01   3.1600000e+02
   0.0000000e+00   0.0000000e+00   9.7320462e-01   3.1700000e+02
   0.0000000e+00   0.0000000e+00   9.9759397e-01   3.1800000e+02
   0.0000000e+00   0.0000000e+00   9.9330124e-01   3.1900000e+02
   0.0000000e+00   0.0000000e+00   9.7901054e-01   3.2000000e+02
   0.0000000e+00   0.0000000e+00   9.9488061e-01   3.2100000e+02
   0.0000000e+00   0.0000000e+00   9.9849900e-01   3.2200000e+02
   0.0000000e+00   0.0000000e+00   9.9021647e-01   3.2300000e+02
   0.0000000e+00   0.0000000e+00   9.9584452e-01   3.2400000e+02
   0.0000000e+00   0.0000000e+00   9.9327497e-01   3.2500000e+02
   0.0000000e+00   0.0000000e+00   9.9729227e-01   3.2600000e+02
   0.0000000e+00   0.0000000e+00   9.9761867e-01   3.2700000e+02
   0.0000000e+00   0.0000000e+00   9.6380121e-01   3.2800000e+02
   0.0000000e+00   0.0000000e+00   9.9408401e-01   3.2900000e+02
   0.0000000e+00   0.0000000e+00   9.5806920e-01   3.3000000e+02
   0.0000000e+00   0.0000000e+00   8.6690661e-01   3.3100000e+02
   0.0000000e+00   0.0000000e+00   9.9489903e-01   3.3200000e+02
   0.0000000e+00   0.0000000e+00   9.8929698e-01   3.3300000e+02
   0.0000000e+00   0.0000000e+00   9.7809193e-01   3.3400000e+02
   0.0000000e+00   0.0000000e+00   9.9843790e-01   3.3500000e+02
   0.0000000e+00   0.0000000e+00   9.9728196e-01   3.3600000e+02
   0.0000000e+00   0.0000000e+00   9.8775213e-01   3.3700000e+02
   0.0000000e+00   0.0000000e+00   9.7602811e-01   3.3800000e+02
   0.0000000e+00   0.0000000e+00   9.8868912e-01   3.3900000e+02
   0.0000000e+00   0.0000000e+00   9.9670269e-01   3.4000000e+02
   0.0000000e+00   0.0000000e+00   9.7123802e-01   3.4100000e+02
   0.0000000e+00   0.0000000e+00   8.8580946e-01   3.4200000e+02
   0.0000000e+00   0.0000000e+00   9.9352226e-01   3.4300000e+02
   0.0000000e+00   0.0000000e+00   9.8923782e-01   3.4400000e+02
   0.0000000e+00   0.0000000e+00   9.8672993e-01   3.4500000e+02
   0.0000000e+00   0.0000000e+00   8.7470810e-01   3.4600000e+02
   0.0000000e+00   0.0000000e+00   9.9923866e-01   3.4700000e+02
   0.0000000e+00   0.0000000e+00   9.9756265e-01   3.4800000e+02
   0.0000000e+00   0.0000000e+00   9.9416576e-01   3.4900000e+02
   0.0000000e+00   0.0000000e+00   9.8664038e-01   3.5000000e+02
   0.0000000e+00   0.0000000e+00   9.1037563e-01   3.5100000e+02
   0.0000000e+00   0.0000000e+00   9.7971797e-01   3.5200000e+02
   0.0000000e+00   0.0000000e+00   9.8857379e-01   3.5300000e+02
   0.0000000e+00   0.0000000e+00   9.7379649e-01   3.5400000e+02
   0.0000000e+00   0.0000000e+00   9.8149688e-01   3.5500000e+02
   0.0000000e+00   0.0000000e+00   9.8969398e-01   3.5600000e+02
   0.0000000e+00   0.0000000e+00   9.9086595e-01   3.5700000e+02
   0.0000000e+00   0.0000000e+00   9.8647803e-01   3.5800000e+02
   0.0000000e+00   0.0000000e+00   9.7673914e-01   3.5900000e+02
   0.0000000e+00   0.0000000e+00   9.8472349e-01   3.6000000e+02
   0.0000000e+00   0.0000000e+00   9.8566073e-01   3.6100000e+02
   0.0000000e+00   0.0000000e+00   9.8440990e-01   3.6200000e+02
   0.0000000e+00   0.0000000e+00   9.9072630e-01   3.6300000e+02
   0.0000000e+00   0.0000000e+00   9.7906930e-01   3.6400000e+02
   0.0000000e+00   0.0000000e+00   9.7659334e-01   3.6500000e+02
   0.0000000e+00   0.0000000e+00   9.9630267e-01   3.6600000e+02
   0.0000000e+00   0.0000000e+00   9.9025408e-01   3.6700000e+02
   0.0000000e+00   0.0000000e+00   9.5250479e-01   3.6800000e+02
   0.0000000e+00   0.0000000e+00   9.8879062e-01   3.6900000e+02
   0.0000000e+00   0.0000000e+00   9.8911718e-01   3.7000000e+02
   0.0000000e+00   0.0000000e+00   9.8187032e-01   3.7100000e+02
   0.0000000e+00   0.0000000e+00   9.9584753e-01   3.7200000e+02
   1.0000000e+00   0.0000000e+00   8.8252200e-01   3.7300000e+02
   1.0000000e+00   0.0000000e+00   9.3203347e-01   3.7400000e+02
   1.0000000e+00   0.0000000e+00   8.3388105e-01   3.7500000e+02
   1.0000000e+00   0.0000000e+00   2.4017086e-01   3.7600000e+02
   1.0000000e+00   0.0000000e+00   9.0923133e-01   3.7700000e+02
   1.0000000e+00   0.0000000e+00   8.8957294e-01   3.7800000e+02
   1.0000000e+00   0.0000000e+00   9.2975928e-01   3.7900000e+02
   1.0000000e+00   0.0000000e+00   4.9910022e-01   3.8000000e+02
   1.0000000e+00   0.0000000e+00   4.2100668e-01   3.8100000e+02
   1.0000000e+00   0.0000000e+00   3.7806076e-01   3.8200000e+02
   1.0000000e+00   0.0000000e+00   7.6598750e-01   3.8300000e+02
   1.0000000e+00   0.0000000e+00   2.5253070e-01   3.8400000e+02
   1.0000000e+00   0.0000000e+00   8.1954980e-01   3.8500000e+02
   1.0000000e+00   0.0000000e+00   6.7881474e-01   3.8600000e+02
   1.0000000e+00   0.0000000e+00   6.4851852e-01   3.8700000e+02
   1.0000000e+00   0.0000000e+00   7.5331294e-01   3.8800000e+02
   1.0000000e+00   0.0000000e+00   1.7044985e-01   3.8900000e+02
   1.0000000e+00   0.0000000e+00   8.2742979e-01   3.9000000e+02
   1.0000000e+00   0.0000000e+00   7.4324802e-01   3.9100000e+02
   1.0000000e+00   0.0000000e+00   9.7031388e-01   3.9200000e+02
   1.0000000e+00   0.0000000e+00   7.4240773e-01   3.9300000e+02
   1.0000000e+00   0.0000000e+00   9.0463059e-01   3.9400000e+02
   1.0000000e+00   0.0000000e+00   6.7042659e-01   3.9500000e+02
   1.0000000e+00   0.0000000e+00   2.5717602e-01   3.9600000e+02
   1.0000000e+00   0.0000000e+00   6.9398307e-01   3.9700000e+02
   1.0000000e+00   0.0000000e+00   4.6290579e-01   3.9800000e+02
   1.0000000e+00   0.0000000e+00   6.3225758e-01   3.9900000e+02
   1.0000000e+00   0.0000000e+00   8.0349473e-01   4.0000000e+02
   1.0000000e+00   0.0000000e+00   7.6007049e-01   4.0100000e+02
   1.0000000e+00   0.0000000e+00   4.9092066e-01   4.0200000e+02
   1.0000000e+00   0.0000000e+00   8.9013362e-01   4.0300000e+02
   1.0000000e+00   0.0000000e+00   4.6966748e-01   4.0400000e+02
   1.0000000e+00   0.0000000e+00   6.5748387e-01   4.0500000e+02
   1.0000000e+00   0.0000000e+00   9.0708867e-01   4.0600000e+02
   1.0000000e+00   0.0000000e+00   9.2016076e-01   4.0700000e+02
   1.0000000e+00   0.0000000e+00   9.1648571e-01   4.0800000e+02
   1.0000000e+00   0.0000000e+00   7.2642546e-01   4.0900000e+02
   1.0000000e+00   0.0000000e+00   6.3939659e-01   4.1000000e+02
   1.0000000e+00   0.0000000e+00   6.6209737e-01   4.1100000e+02
   1.0000000e+00   0.0000000e+00   4.3024546e-01   4.1200000e+02
   1.0000000e+00   0.0000000e+00   6.9439859e-01   4.1300000e+02
   1.0000000e+00   0.0000000e+00   8.3624270e-01   4.1400000e+02
   1.0000000e+00   0.0000000e+00   3.7432162e-01   4.1500000e+02
   1.0000000e+00   0.0000000e+00   4.5996785e-01   4.1600000e+02
   1.0000000e+00   0.0000000e+00   6.7213697e-01   4.1700000e+02
   1.0000000e+00   0.0000000e+00   7.8972545e-01   4.1800000e+02
   1.0000000e+00   0.0000000e+00   2.6010997e-01   4.1900000e+02
   1.0000000e+00   0.0000000e+00   5.6156781e-01   4.2000000e+02
   1.0000000e+00   0.0000000e+00   6.1885682e-01   4.2100000e+02
   1.0000000e+00   0.0000000e+00   8.2643987e-01   4.2200000e+02
   1.0000000e+00   0.0000000e+00   8.1900263e-01   4.2300000e+02
   1.0000000e+00   0.0000000e+00   3.3194980e-01   4.2400000e+02
   1.0000000e+00   0.0000000e+00   2.7852997e-01   4.2500000e+02
   1.0000000e+00   0.0000000e+00   8.9731680e-01   4.2600000e+02
   1.0000000e+00   0.0000000e+00   3.5981255e-01   4.2700000e+02
   1.0000000e+00   0.0000000e+00   1.8500379e-01   4.2800000e+02
   1.0000000e+00   0.0000000e+00   7.7190540e-01   4.2900000e+02
   1.0000000e+00   0.0000000e+00   3.6693208e-01   4.3000000e+02
   1.0000000e+00   0.0000000e+00   7.4450133e-01   4.3100000e+02
   1.0000000e+00   0.0000000e+00   7.1048547e-01   4.3200000e+02
   1.0000000e+00   0.0000000e+00   8.1425175e-01   4.3300000e+02
   1.0000000e+00   0.0000000e+00   7.2828185e-01   4.3400000e+02
   1.0000000e+00   0.0000000e+00   8.6142162e-01   4.3500000e+02
   1.0000000e+00   0.0000000e+00   8.0345843e-01   4.3600000e+02
   1.0000000e+00   0.0000000e+00   7.8022810e-01   4.3700000e+02
   1.0000000e+00   0.0000000e+00   9.6937130e-01   4.3800000e+02
   1.0000000e+00   0.0000000e+00   7.3146759e-01   4.3900000e+02
   1.0000000e+00   0.0000000e+00   7.2122350e-01   4.4000000e+02
   1.0000000e+00   0.0000000e+00   9.6716704e-01   4.4100000e+02
   1.0000000e+00   0.0000000e+00   3.5514866e-01   4.4200000e+02
   1.0000000e+00   0.0000000e+00   2.6715540e-01   4.4300000e+02
   1.0000000e+00   0.0000000e+00   7.2711149e-01   4.4400000e+02
   1.0000000e+00   0.0000000e+00   6.2812460e-01   4.4500000e+02
   1.0000000e+00   0.0000000e+00   9.4398221e-01   4.4600000e+02
   1.0000000e+00   0.0000000e+00   9.1635263e-01   4.4700000e+02
   1.0000000e+00   0.0000000e+00   7.2875622e-01   4.4800000e+02
   1.0000000e+00   0.0000000e+00   8.1723257e-01   4.4900000e+02
   1.0000000e+00   0.0000000e+00   7.3277020e-01   4.5000000e+02
   1.0000000e+00   0.0000000e+00   6.2841409e-01   4.5100000e+02
   1.0000000e+00   0.0000000e+00   9.7006952e-01   4.5200000e+02
   1.0000000e+00   0.0000000e+00   8.6918927e-01   4.5300000e+02
   1.0000000e+00   0.0000000e+00   7.7917432e-01   4.5400000e+02
   1.0000000e+00   0.0000000e+00   9.4625087e-01   4.5500000e+02
   1.0000000e+00   0.0000000e+00   3.0913702e-01   4.5600000e+02
   1.0000000e+00   0.0000000e+00   5.8235899e-01   4.5700000e+02
   1.0000000e+00   0.0000000e+00   3.2308707e-01   4.5800000e+02
   1.0000000e+00   0.0000000e+00   7.6677419e-01   4.5900000e+02
   1.0000000e+00   1.0000000e+00   4.3491496e-01   1.0000000e+00
   1.0000000e+00   1.0000000e+00   3.6610312e-01   2.0000000e+00
   1.0000000e+00   1.0000000e+00   3.1619215e-01   3.0000000e+00
   1.0000000e+00   1.0000000e+00   4.7063085e-01   4.0000000e+00
   1.0000000e+00   1.0000000e+00   3.1267122e-01   5.0000000e+00
   1.0000000e+00   1.0000000e+00   3.0917512e-01   6.0000000e+00
   1.0000000e+00   1.0000000e+00   1.6569488e-01   7.0000000e+00
   1.0000000e+00   1.0000000e+00   2.6034123e-01   8.0000000e+00
   1.0000000e+00   1.0000000e+00   2.1409746e-01   9.0000000e+00
   1.0000000e+00   1.0000000e+00   4.0072159e-01   1.0000000e+01
   1.0000000e+00   1.0000000e+00   3.3711854e-01   1.1000000e+01
   1.0000000e+00   1.0000000e+00   2.8948199e-01   1.2000000e+01
   1.0000000e+00   1.0000000e+00   2.6198431e-01   1.3000000e+01
   1.0000000e+00   1.0000000e+00   3.6813523e-01   1.4000000e+01
   1.0000000e+00   1.0000000e+00   3.8705916e-01   1.5000000e+01
   1.0000000e+00   1.0000000e+00   2.6339632e-01   1.6000000e+01
   1.0000000e+00   1.0000000e+00   2.9719994e-01   1.7000000e+01
   1.0000000e+00   1.0000000e+00   4.5905909e-01   1.8000000e+01
   1.0000000e+00   1.0000000e+00   2.5247342e-01   1.9000000e+01
   1.0000000e+00   1.0000000e+00   3.6574815e-01   2.0000000e+01
   1.0000000e+00   1.0000000e+00   3.2137140e-01   2.1000000e+01
   1.0000000e+00   1.0000000e+00   3.2679028e-01   2.2000000e+01
   1.0000000e+00   1.0000000e+00   1.6902461e-01   2.3000000e+01
   1.0000000e+00   1.0000000e+00   2.9009820e-01   2.4000000e+01
   1.0000000e+00   1.0000000e+00   3.4989678e-01   2.5000000e+01
   1.0000000e+00   1.0000000e+00   3.1102450e-01   2.6000000e+01
   1.0000000e+00   1.0000000e+00   1.1007627e-02   2.7000000e+01
   1.0000000e+00   1.0000000e+00   2.6870013e-01   2.8000000e+01
   1.0000000e+00   1.0000000e+00   1.5906530e-01   2.9000000e+01
   1.0000000e+00   1.0000000e+00   1.6678484e-01   3.0000000e+01
   1.0000000e+00   1.0000000e+00   3.3638124e-01   3.1000000e+01
   1.0000000e+00   1.0000000e+00   2.6365158e-01   3.2000000e+01
   1.0000000e+00   1.0000000e+00   2.1455761e-01   3.3000000e+01
   1.0000000e+00   1.0000000e+00   1.7735275e-01   3.4000000e+01
   1.0000000e+00   1.0000000e+00   2.6549661e-01   3.5000000e+01
   1.0000000e+00   1.0000000e+00   4.9610876e-02   3.6000000e+01
   1.0000000e+00   1.0000000e+00   2.9916174e-01   3.7000000e+01
   1.0000000e+00   1.0000000e+00   3.4047577e-01   3.8000000e+01
   1.0000000e+00   1.0000000e+00   3.9142395e-01   3.9000000e+01
   1.0000000e+00   1.0000000e+00   3.4047900e-01   4.0000000e+01
   1.0000000e+00   1.0000000e+00   1.9645311e-01   4.1000000e+01
   1.0000000e+00   1.0000000e+00   3.6370900e-01   4.2000000e+01
   1.0000000e+00   1.0000000e+00   3.9448585e-01   4.3000000e+01
   1.0000000e+00   1.0000000e+00   4.0745269e-01   4.4000000e+01
   1.0000000e+00   1.0000000e+00   2.4930438e-01   4.5000000e+01
   1.0000000e+00   1.0000000e+00   1.4936001e-01   4.6000000e+01
   1.0000000e+00   1.0000000e+00   1.6173810e-01   4.7000000e+01
   1.0000000e+00   1.0000000e+00   1.2393627e-01   4.8000000e+01
   1.0000000e+00   1.0000000e+00   1.3773629e-01   4.9000000e+01
   1.0000000e+00   1.0000000e+00   4.2171323e-01   5.0000000e+01
   1.0000000e+00   1.0000000e+00   2.3108285e-01   5.1000000e+01
   1.0000000e+00   1.0000000e+00   1.9309562e-01   5.2000000e+01
   1.0000000e+00   1.0000000e+00   3.1563654e-01   5.3000000e+01
   1.0000000e+00   1.0000000e+00   2.9364532e-01   5.4000000e+01
   1.0000000e+00   1.0000000e+00   3.5621392e-01   5.5000000e+01
   1.0000000e+00   1.0000000e+00   2.2526954e-01   5.6000000e+01
   1.0000000e+00   1.0000000e+00   3.4714539e-01   5.7000000e+01
   1.0000000e+00   1.0000000e+00   2.8358455e-01   5.8000000e+01
   1.0000000e+00   1.0000000e+00   2.3453269e-01   5.9000000e+01
   1.0000000e+00   1.0000000e+00   2.5155388e-01   6.0000000e+01
   1.0000000e+00   1.0000000e+00   6.0217069e-02   6.1000000e+01
   1.0000000e+00   1.0000000e+00   2.4617416e-01   6.2000000e+01
   1.0000000e+00   1.0000000e+00   7.5894222e-04   6.3000000e+01
   1.0000000e+00   1.0000000e+00   4.0085777e-01   6.4000000e+01
   1.0000000e+00   1.0000000e+00   4.0664118e-01   6.5000000e+01
   1.0000000e+00   1.0000000e+00   3.3689180e-01   6.6000000e+01
   1.0000000e+00   1.0000000e+00   3.5362635e-01   6.7000000e+01
   1.0000000e+00   1.0000000e+00   3.3102971e-01   6.8000000e+01
   1.0000000e+00   1.0000000e+00   2.7391550e-01   6.9000000e+01
   1.0000000e+00   1.0000000e+00   1.9923257e-01   7.0000000e+01
   1.0000000e+00   1.0000000e+00   9.9615814e-03   7.1000000e+01
   1.0000000e+00   1.0000000e+00   2.5234864e-01   7.2000000e+01
   1.0000000e+00   1.0000000e+00   3.1093963e-01   7.3000000e+01
   1.0000000e+00   1.0000000e+00   4.0419535e-01   7.4000000e+01
   1.0000000e+00   1.0000000e+00   2.8664471e-01   7.5000000e+01
   1.0000000e+00   1.0000000e+00   4.2538259e-01   7.6000000e+01
   1.0000000e+00   1.0000000e+00   1.6900900e-01   7.7000000e+01
   1.0000000e+00   1.0000000e+00   1.1862611e-03   7.8000000e+01
   1.0000000e+00   1.0000000e+00   4.0303061e-01   7.9000000e+01
   1.0000000e+00   1.0000000e+00   2.6091707e-01   8.0000000e+01
   1.0000000e+00   1.0000000e+00   1.7834304e-01   8.1000000e+01
   1.0000000e+00   1.0000000e+00   2.9140571e-01   8.2000000e+01
   1.0000000e+00   1.0000000e+00   3.0357969e-01   8.3000000e+01
   1.0000000e+00   1.0000000e+00   4.6430956e-01   8.4000000e+01
   1.0000000e+00   1.0000000e+00   4.5860292e-01   8.5000000e+01
   1.0000000e+00   1.0000000e+00   3.7350156e-01   8.6000000e+01
   1.0000000e+00   1.0000000e+00   4.1106377e-01   8.7000000e+01
   1.0000000e+00   1.0000000e+00   3.9004760e-01   8.8000000e+01
   1.0000000e+00   1.0000000e+00   4.2314870e-01   8.9000000e+01
   1.0000000e+00   1.0000000e+00   4.1799632e-01   9.0000000e+01
   1.0000000e+00   1.0000000e+00   4.4077642e-01   9.1000000e+01
   1.0000000e+00   1.0000000e+00   3.7527392e-01   9.2000000e+01
   1.0000000e+00   1.0000000e+00   4.2617996e-01   9.3000000e+01
   1.0000000e+00   1.0000000e+00   3.6697394e-01   9.4000000e+01
   1.0000000e+00   1.0000000e+00   2.9939427e-01   9.5000000e+01
   1.0000000e+00   1.0000000e+00   2.9249014e-01   9.6000000e+01
   1.0000000e+00   1.0000000e+00   2.1994710e-01   9.7000000e+01
   1.0000000e+00   1.0000000e+00   3.8432457e-01   9.8000000e+01
   1.0000000e+00   1.0000000e+00   2.2347798e-01   9.9000000e+01
   1.0000000e+00   1.0000000e+00   3.5312339e-01   1.0000000e+02
   1.0000000e+00   1.0000000e+00   3.5400263e-01   1.0100000e+02
   1.0000000e+00   1.0000000e+00   3.8346707e-01   1.0200000e+02
   1.0000000e+00   1.0000000e+00   5.4558839e-01   1.0300000e+02
   1.0000000e+00   1.0000000e+00   4.0439891e-01   1.0400000e+02
   1.0000000e+00   1.0000000e+00   3.9067928e-01   1.0500000e+02
   1.0000000e+00   1.0000000e+00   3.7326785e-01   1.0600000e+02
   1.0000000e+00   1.0000000e+00   3.3202993e-01   1.0700000e+02
   1.0000000e+00   1.0000000e+00   2.1634194e-01   1.0800000e+02
   1.0000000e+00   1.0000000e+00   2.5755234e-01   1.0900000e+02
   1.0000000e+00   1.0000000e+00   2.8259678e-01   1.1000000e+02
   1.0000000e+00   1.0000000e+00   2.4177355e-01   1.1100000e+02
   1.0000000e+00   1.0000000e+00   1.1928749e-01   1.1200000e+02
   1.0000000e+00   1.0000000e+00   2.9702026e-01   1.1300000e+02
   1.0000000e+00   1.0000000e+00   2.5851831e-03   1.1400000e+02
   1.0000000e+00   1.0000000e+00   2.1223296e-01   1.1500000e+02
   1.0000000e+00   1.0000000e+00   2.2126390e-01   1.1600000e+02
   1.0000000e+00   1.0000000e+00   3.9763872e-01   1.1700000e+02
   1.0000000e+00   1.0000000e+00   2.5127056e-01   1.1800000e+02
   1.0000000e+00   1.0000000e+00   2.9204923e-01   1.1900000e+02
   1.0000000e+00   1.0000000e+00   8.1578459e-02   1.2000000e+02
   1.0000000e+00   1.0000000e+00   2.8313487e-01   1.2100000e+02
   1.0000000e+00   1.0000000e+00   1.0475730e-01   1.2200000e+02
   1.0000000e+00   1.0000000e+00   3.1275267e-01   1.2300000e+02
   1.0000000e+00   1.0000000e+00   3.6692458e-01   1.2400000e+02
   1.0000000e+00   1.0000000e+00   2.2701235e-01   1.2500000e+02
   1.0000000e+00   1.0000000e+00   3.3259509e-01   1.2600000e+02
   1.0000000e+00   1.0000000e+00   1.8812613e-01   1.2700000e+02
   1.0000000e+00   1.0000000e+00   1.8313712e-01   1.2800000e+02
   1.0000000e+00   1.0000000e+00   3.1928214e-01   1.2900000e+02
   1.0000000e+00   1.0000000e+00   1.2957697e-01   1.3000000e+02
   1.0000000e+00   1.0000000e+00   1.9268993e-01   1.3100000e+02
   1.0000000e+00   1.0000000e+00   2.7322064e-01   1.3200000e+02
   1.0000000e+00   1.0000000e+00   2.9867605e-01   1.3300000e+02
   1.0000000e+00   1.0000000e+00   1.3591153e-01   1.3400000e+02
   1.0000000e+00   1.0000000e+00   4.4987516e-01   1.3500000e+02
   1.0000000e+00   1.0000000e+00   2.1339492e-01   1.3600000e+02
   1.0000000e+00   1.0000000e+00   2.2105157e-01   1.3700000e+02
   1.0000000e+00   1.0000000e+00   2.4112263e-01   1.3800000e+02
   1.0000000e+00   1.0000000e+00   2.5910009e-01   1.3900000e+02
   1.0000000e+00   1.0000000e+00   2.2130573e-01   1.4000000e+02
   1.0000000e+00   1.0000000e+00   2.6447223e-01   1.4100000e+02
   1.0000000e+00   1.0000000e+00   2.8211849e-01   1.4200000e+02
   1.0000000e+00   1.0000000e+00   5.0485813e-03   1.4300000e+02
   1.0000000e+00   1.0000000e+00   4.0179623e-01   1.4400000e+02
   1.0000000e+00   1.0000000e+00   4.4667112e-01   1.4500000e+02
   1.0000000e+00   1.0000000e+00   4.6945175e-01   1.4600000e+02
   1.0000000e+00   1.0000000e+00   2.1565105e-01   1.4700000e+02
   1.0000000e+00   1.0000000e+00   1.9463805e-01   1.4800000e+02
   1.0000000e+00   1.0000000e+00   3.6223619e-01   1.4900000e+02
   1.0000000e+00   1.0000000e+00   4.4806253e-01   1.5000000e+02
   1.0000000e+00   1.0000000e+00   5.2153592e-01   1.5100000e+02
   1.0000000e+00   1.0000000e+00   9.3901443e-02   1.5200000e+02
   1.0000000e+00   1.0000000e+00   3.3855265e-01   1.5300000e+02
   1.0000000e+00   1.0000000e+00   3.2619791e-01   1.5400000e+02
   1.0000000e+00   1.0000000e+00   3.7245708e-01   1.5500000e+02
   1.0000000e+00   1.0000000e+00   3.6320332e-01   1.5600000e+02
   1.0000000e+00   1.0000000e+00   1.7542095e-01   1.5700000e+02
   1.0000000e+00   1.0000000e+00   2.3847805e-01   1.5800000e+02
   1.0000000e+00   1.0000000e+00   2.4577051e-01   1.5900000e+02
   1.0000000e+00   1.0000000e+00   5.3855147e-01   1.6000000e+02
   1.0000000e+00   1.0000000e+00   3.1506337e-01   1.6100000e+02
   1.0000000e+00   1.0000000e+00   4.1784236e-01   1.6200000e+02
   1.0000000e+00   1.0000000e+00   9.0889264e-03   1.6300000e+02
   1.0000000e+00   1.0000000e+00   3.8734247e-01   1.6400000e+02
   1.0000000e+00   1.0000000e+00   3.1179124e-01   1.6500000e+02
   1.0000000e+00   1.0000000e+00   3.1243526e-01   1.6600000e+02
   1.0000000e+00   1.0000000e+00   2.8967371e-01   1.6700000e+02
   1.0000000e+00   1.0000000e+00   1.9390640e-01   1.6800000e+02
   1.0000000e+00   1.0000000e+00   2.7345676e-01   1.6900000e+02
   1.0000000e+00   1.0000000e+00   1.8218886e-01   1.7000000e+02
   1.0000000e+00   1.0000000e+00   5.8800485e-02   1.7100000e+02
   1.0000000e+00   1.0000000e+00   2.0677195e-01   1.7200000e+02
   1.0000000e+00   1.0000000e+00   3.3429704e-01   1.7300000e+02
   1.0000000e+00   1.0000000e+00   3.5040492e-01   1.7400000e+02
   1.0000000e+00   1.0000000e+00   2.5063534e-01   1.7500000e+02
   1.0000000e+00   1.0000000e+00   3.4234121e-01   1.7600000e+02
   1.0000000e+00   1.0000000e+00   9.3945095e-02   1.7700000e+02
   1.0000000e+00   1.0000000e+00   4.4442786e-01   1.7800000e+02
   1.0000000e+00   1.0000000e+00   3.7625230e-01   1.7900000e+02
   1.0000000e+00   1.0000000e+00   4.6096708e-01   1.8000000e+02
   1.0000000e+00   1.0000000e+00   1.7203503e-01   1.8100000e+02
   1.0000000e+00   1.0000000e+00   3.5165054e-01   1.8200000e+02
   1.0000000e+00   1.0000000e+00   2.3073480e-01   1.8300000e+02
   1.0000000e+00   1.0000000e+00   4.5139073e-01   1.8400000e+02
   1.0000000e+00   1.0000000e+00   4.0765758e-01   1.8500000e+02
   1.0000000e+00   1.0000000e+00   2.5493110e-01   1.8600000e+02
   1.0000000e+00   1.0000000e+00   2.4820084e-01   1.8700000e+02
   1.0000000e+00   1.0000000e+00   2.6029780e-01   1.8800000e+02
   1.0000000e+00   1.0000000e+00   1.8754658e-01   1.8900000e+02
   1.0000000e+00   1.0000000e+00   3.3882133e-01   1.9000000e+02
   1.0000000e+00   1.0000000e+00   4.5658327e-01   1.9100000e+02
   1.0000000e+00   1.0000000e+00   1.5595953e-01   1.9200000e+02
   1.0000000e+00   1.0000000e+00   2.7927926e-01   1.9300000e+02
   1.0000000e+00   1.0000000e+00   3.2772680e-01   1.9400000e+02
   1.0000000e+00   1.0000000e+00   3.7404083e-01   1.9500000e+02
   1.0000000e+00   1.0000000e+00   4.7079853e-01   1.9600000e+02
   1.0000000e+00   1.0000000e+00   3.4418950e-01   1.9700000e+02
   1.0000000e+00   1.0000000e+00   2.5349944e-01   1.9800000e+02
   1.0000000e+00   1.0000000e+00   3.1954141e-01   1.9900000e+02
   1.0000000e+00   1.0000000e+00   3.0148379e-01   2.0000000e+02
   1.0000000e+00   1.0000000e+00   2.7508163e-01   2.0100000e+02
   1.0000000e+00   1.0000000e+00   1.9319128e-01   2.0200000e+02
   1.0000000e+00   1.0000000e+00   2.1491139e-01   2.0300000e+02
   1.0000000e+00   1.0000000e+00   4.2791647e-01   2.0400000e+02
   1.0000000e+00   1.0000000e+00   2.1826521e-01   2.0500000e+02
   1.0000000e+00   1.0000000e+00   3.9569335e-01   2.0600000e+02
   1.0000000e+00   1.0000000e+00   4.1287681e-01   2.0700000e+02
   1.0000000e+00   1.0000000e+00   3.4345843e-01   2.0800000e+02
   1.0000000e+00   1.0000000e+00   3.3592107e-01   2.0900000e+02
   1.0000000e+00   1.0000000e+00   2.6822724e-01   2.1000000e+02
   1.0000000e+00   1.0000000e+00   2.6002255e-01   2.1100000e+02
   1.0000000e+00   1.0000000e+00   1.8717031e-01   2.1200000e+02
   1.0000000e+00   1.0000000e+00   3.1248464e-01   2.1300000e+02
   1.0000000e+00   1.0000000e+00   3.7252220e-01   2.1400000e+02
   1.0000000e+00   1.0000000e+00   4.1474028e-01   2.1500000e+02
   1.0000000e+00   1.0000000e+00   2.1473908e-01   2.1600000e+02
   1.0000000e+00   1.0000000e+00   4.3627226e-01   2.1700000e+02
   1.0000000e+00   1.0000000e+00   3.0345639e-01   2.1800000e+02
   1.0000000e+00   1.0000000e+00   9.6015931e-02   2.1900000e+02
   1.0000000e+00   1.0000000e+00   3.4980977e-01   2.2000000e+02
   1.0000000e+00   1.0000000e+00   3.5324173e-01   2.2100000e+02
   1.0000000e+00   1.0000000e+00   3.3610079e-01   2.2200000e+02
   1.0000000e+00   1.0000000e+00   3.2751227e-01   2.2300000e+02
   1.0000000e+00   1.0000000e+00   2.3667967e-01   2.2400000e+02
   1.0000000e+00   1.0000000e+00   2.6804382e-01   2.2500000e+02
   1.0000000e+00   1.0000000e+00   3.9877358e-01   2.2600000e+02
   1.0000000e+00   1.0000000e+00   3.3645777e-01   2.2700000e+02
   1.0000000e+00   1.0000000e+00   1.0423635e-01   2.2800000e+02
   1.0000000e+00   1.0000000e+00   5.2437364e-01   2.2900000e+02
   1.0000000e+00   1.0000000e+00   3.1770821e-01   2.3000000e+02
   1.0000000e+00   1.0000000e+00   3.7989833e-01   2.3100000e+02
   1.0000000e+00   1.0000000e+00   3.9947772e-01   2.3200000e+02
   1.0000000e+00   1.0000000e+00   1.9902197e-01   2.3300000e+02
   1.0000000e+00   1.0000000e+00   4.0423984e-01   2.3400000e+02
   1.0000000e+00   1.0000000e+00   1.9933432e-01   2.3500000e+02
   1.0000000e+00   1.0000000e+00   2.0880093e-01   2.3600000e+02
   1.0000000e+00   1.0000000e+00   3.6742517e-01   2.3700000e+02
   1.0000000e+00   1.0000000e+00   6.9838627e-02   2.3800000e+02
   1.0000000e+00   1.0000000e+00   4.1128854e-01   2.3900000e+02
   1.0000000e+00   1.0000000e+00   4.1974934e-01   2.4000000e+02
   1.0000000e+00   1.0000000e+00   3.4643790e-01   2.4100000e+02
   1.0000000e+00   1.0000000e+00   4.8333565e-01   2.4200000e+02
   1.0000000e+00   1.0000000e+00   3.9867558e-01   2.4300000e+02
   1.0000000e+00   1.0000000e+00   4.2278009e-01   2.4400000e+02
   1.0000000e+00   1.0000000e+00   3.8796224e-01   2.4500000e+02
   1.0000000e+00   1.0000000e+00   3.2528204e-01   2.4600000e+02
   1.0000000e+00   1.0000000e+00   2.6396500e-01   2.4700000e+02
   1.0000000e+00   1.0000000e+00   2.5082107e-01   2.4800000e+02
   1.0000000e+00   1.0000000e+00   2.0155088e-01   2.4900000e+02
   1.0000000e+00   1.0000000e+00   3.4629233e-01   2.5000000e+02
   1.0000000e+00   1.0000000e+00   4.1238941e-01   2.5100000e+02
   1.0000000e+00   1.0000000e+00   3.5988101e-01   2.5200000e+02
   1.0000000e+00   1.0000000e+00   1.9800147e-01   2.5300000e+02
   1.0000000e+00   1.0000000e+00   4.5026962e-01   2.5400000e+02
   1.0000000e+00   1.0000000e+00   4.4506874e-01   2.5500000e+02
   1.0000000e+00   1.0000000e+00   2.8905407e-01   2.5600000e+02
   1.0000000e+00   1.0000000e+00   1.6659316e-01   2.5700000e+02
   1.0000000e+00   1.0000000e+00   2.7318130e-01   2.5800000e+02
   1.0000000e+00   1.0000000e+00   1.7519256e-01   2.5900000e+02
   1.0000000e+00   1.0000000e+00   3.5738816e-01   2.6000000e+02
   1.0000000e+00   1.0000000e+00   3.0902067e-01   2.6100000e+02
   1.0000000e+00   1.0000000e+00   3.8979921e-01   2.6200000e+02
   1.0000000e+00   1.0000000e+00   4.2148669e-01   2.6300000e+02
   1.0000000e+00   1.0000000e+00   3.9296153e-01   2.6400000e+02
   1.0000000e+00   1.0000000e+00   3.7371491e-01   2.6500000e+02
   1.0000000e+00   1.0000000e+00   3.6833797e-01   2.6600000e+02
   1.0000000e+00   1.0000000e+00   3.3669615e-01   2.6700000e+02
   1.0000000e+00   1.0000000e+00   3.6020573e-01   2.6800000e+02
   1.0000000e+00   1.0000000e+00   3.3910586e-01   2.6900000e+02
   1.0000000e+00   1.0000000e+00   4.2800667e-01   2.7000000e+02
   1.0000000e+00   1.0000000e+00   3.5471100e-01   2.7100000e+02
   1.0000000e+00   1.0000000e+00   2.9238434e-01   2.7200000e+02
   1.0000000e+00   1.0000000e+00   3.0051302e-01   2.7300000e+02
   1.0000000e+00   1.0000000e+00   1.9202970e-01   2.7400000e+02
   1.0000000e+00   1.0000000e+00   3.8830323e-01   2.7500000e+02
   1.0000000e+00   1.0000000e+00   4.3636525e-01   2.7600000e+02
   1.0000000e+00   1.0000000e+00   4.1249060e-01   2.7700000e+02
   1.0000000e+00   1.0000000e+00   2.9814125e-01   2.7800000e+02
   1.0000000e+00   1.0000000e+00   3.5223899e-01   2.7900000e+02
   1.0000000e+00   1.0000000e+00   1.5670761e-01   2.8000000e+02
   1.0000000e+00   1.0000000e+00   3.8207214e-01   2.8100000e+02
   1.0000000e+00   1.0000000e+00   4.1158994e-01   2.8200000e+02
   1.0000000e+00   1.0000000e+00   3.2608562e-01   2.8300000e+02
   1.0000000e+00   1.0000000e+00   1.7184905e-01   2.8400000e+02
   1.0000000e+00   1.0000000e+00   4.3254248e-01   2.8500000e+02
   1.0000000e+00   1.0000000e+00   4.0735993e-01   2.8600000e+02
   1.0000000e+00   1.0000000e+00   3.9371381e-01   2.8700000e+02
   1.0000000e+00   1.0000000e+00   3.8369130e-01   2.8800000e+02
   1.0000000e+00   1.0000000e+00   4.1283248e-01   2.8900000e+02
   1.0000000e+00   1.0000000e+00   5.0089541e-01   2.9000000e+02
   1.0000000e+00   1.0000000e+00   4.2500055e-01   2.9100000e+02
   1.0000000e+00   1.0000000e+00   3.7057763e-01   2.9200000e+02
   1.0000000e+00   1.0000000e+00   2.4338622e-01   2.9300000e+02
   1.0000000e+00   1.0000000e+00   3.8031459e-01   2.9400000e+02
   1.0000000e+00   1.0000000e+00   2.1132161e-01   2.9500000e+02
   1.0000000e+00   1.0000000e+00   3.5872982e-01   2.9600000e+02
   1.0000000e+00   1.0000000e+00   3.9249900e-01   2.9700000e+02
   0.0000000e+00   1.0000000e+00   4.9212357e-01   2.9800000e+02
   0.0000000e+00   1.0000000e+00   4.6604780e-01   2.9900000e+02
   0.0000000e+00   1.0000000e+00   4.5285524e-01   3.0000000e+02
   0.0000000e+00   1.0000000e+00   4.6180273e-01   3.0100000e+02
   0.0000000e+00   1.0000000e+00   4.3447453e-01   3.0200000e+02
   0.0000000e+00   1.0000000e+00   4.6462827e-01   3.0300000e+02
   0.0000000e+00   1.0000000e+00   4.6118872e-01   3.0400000e+02
   0.0000000e+00   1.0000000e+00   4.5506616e-01   3.0500000e+02
   0.0000000e+00   1.0000000e+00   5.3354849e-01   3.0600000e+02
   0.0000000e+00   1.0000000e+00   4.5534194e-01   3.0700000e+02
   0.0000000e+00   1.0000000e+00   5.0018551e-01   3.0800000e+02
   0.0000000e+00   1.0000000e+00   4.4043651e-01   3.0900000e+02
   0.0000000e+00   1.0000000e+00   4.1364518e-01   3.1000000e+02
   0.0000000e+00   1.0000000e+00   4.6206066e-01   3.1100000e+02
   0.0000000e+00   1.0000000e+00   4.4212699e-01   3.1200000e+02
   0.0000000e+00   1.0000000e+00   4.5213345e-01   3.1300000e+02
   0.0000000e+00   1.0000000e+00   4.5276122e-01   3.1400000e+02
   0.0000000e+00   1.0000000e+00   3.8912017e-01   3.1500000e+02
   0.0000000e+00   1.0000000e+00   4.3540489e-01   3.1600000e+02
   0.0000000e+00   1.0000000e+00   5.0590989e-01   3.1700000e+02
   0.0000000e+00   1.0000000e+00   4.7586856e-01   3.1800000e+02
   0.0000000e+00   1.0000000e+00   4.4669425e-01   3.1900000e+02
   0.0000000e+00   1.0000000e+00   4.6604756e-01   3.2000000e+02
   0.0000000e+00   1.0000000e+00   4.7531153e-01   3.2100000e+02
   0.0000000e+00   1.0000000e+00   4.2938034e-01   3.2200000e+02
   0.0000000e+00   1.0000000e+00   4.6992499e-01   3.2300000e+02
   0.0000000e+00   1.0000000e+00   4.3067642e-01   3.2400000e+02
   0.0000000e+00   1.0000000e+00   4.8181380e-01   3.2500000e+02
   0.0000000e+00   1.0000000e+00   4.5459953e-01   3.2600000e+02
   0.0000000e+00   1.0000000e+00   4.7853282e-01   3.2700000e+02
   0.0000000e+00   1.0000000e+00   4.6663681e-01   3.2800000e+02
   0.0000000e+00   1.0000000e+00   4.0852284e-01   3.2900000e+02
   0.0000000e+00   1.0000000e+00   5.1157342e-01   3.3000000e+02
   0.0000000e+00   1.0000000e+00   4.1016493e-01   3.3100000e+02
   0.0000000e+00   1.0000000e+00   4.5674471e-01   3.3200000e+02
   0.0000000e+00   1.0000000e+00   4.4501726e-01   3.3300000e+02
   0.0000000e+00   1.0000000e+00   4.4555520e-01   3.3400000e+02
   0.0000000e+00   1.0000000e+00   4.3646898e-01   3.3500000e+02
   0.0000000e+00   1.0000000e+00   4.4982370e-01   3.3600000e+02
   0.0000000e+00   1.0000000e+00   4.7014487e-01   3.3700000e+02
   0.0000000e+00   1.0000000e+00   4.3843766e-01   3.3800000e+02
   0.0000000e+00   1.0000000e+00   4.6624615e-01   3.3900000e+02
   0.0000000e+00   1.0000000e+00   4.3728199e-01   3.4000000e+02
   0.0000000e+00   1.0000000e+00   4.1267328e-01   3.4100000e+02
   0.0000000e+00   1.0000000e+00   4.1740533e-01   3.4200000e+02
   0.0000000e+00   1.0000000e+00   4.4598422e-01   3.4300000e+02
   0.0000000e+00   1.0000000e+00   4.4646718e-01   3.4400000e+02
   0.0000000e+00   1.0000000e+00   4.3517115e-01   3.4500000e+02
   0.0000000e+00   1.0000000e+00   4.1036456e-01   3.4600000e+02
   0.0000000e+00   1.0000000e+00   4.4848454e-01   3.4700000e+02
   0.0000000e+00   1.0000000e+00   4.4768900e-01   3.4800000e+02
   0.0000000e+00   1.0000000e+00   4.3509737e-01   3.4900000e+02
   0.0000000e+00   1.0000000e+00   4.8443341e-01   3.5000000e+02
   0.0000000e+00   1.0000000e+00   4.2425552e-01   3.5100000e+02
   0.0000000e+00   1.0000000e+00   4.1073906e-01   3.5200000e+02
   0.0000000e+00   1.0000000e+00   4.4725111e-01   3.5300000e+02
   0.0000000e+00   1.0000000e+00   4.3292346e-01   3.5400000e+02
   0.0000000e+00   1.0000000e+00   4.2209349e-01   3.5500000e+02
   0.0000000e+00   1.0000000e+00   4.4868578e-01   3.5600000e+02
   0.0000000e+00   1.0000000e+00   4.1703880e-01   3.5700000e+02
   0.0000000e+00   1.0000000e+00   4.2914132e-01   3.5800000e+02
   0.0000000e+00   1.0000000e+00   4.5884615e-01   3.5900000e+02
   0.0000000e+00   1.0000000e+00   4.5224732e-01   3.6000000e+02
   0.0000000e+00   1.0000000e+00   4.4848970e-01   3.6100000e+02
   0.0000000e+00   1.0000000e+00   4.3105586e-01   3.6200000e+02
   0.0000000e+00   1.0000000e+00   4.4574428e-01   3.6300000e+02
   0.0000000e+00   1.0000000e+00   5.0551499e-01   3.6400000e+02
   0.0000000e+00   1.0000000e+00   4.3157563e-01   3.6500000e+02
   0.0000000e+00   1.0000000e+00   4.4709532e-01   3.6600000e+02
   0.0000000e+00   1.0000000e+00   4.2100963e-01   3.6700000e+02
   0.0000000e+00   1.0000000e+00   4.5491919e-01   3.6800000e+02
   0.0000000e+00   1.0000000e+00   4.2102406e-01   3.6900000e+02
   0.0000000e+00   1.0000000e+00   4.3499990e-01   3.7000000e+02
   0.0000000e+00   1.0000000e+00   4.5331177e-01   3.7100000e+02
   0.0000000e+00   1.0000000e+00   4.6769224e-01   3.7200000e+02
   1.0000000e+00   1.0000000e+00   4.8056814e-01   3.7300000e+02
   1.0000000e+00   1.0000000e+00   5.1304693e-01   3.7400000e+02
   1.0000000e+00   1.0000000e+00   5.4506745e-01   3.7500000e+02
   1.0000000e+00   1.0000000e+00   1.6192544e-01   3.7600000e+02
   1.0000000e+00   1.0000000e+00   4.4749758e-01   3.7700000e+02
   1.0000000e+00   1.0000000e+00   3.7960086e-01   3.7800000e+02
   1.0000000e+00   1.0000000e+00   5.0182852e-01   3.7900000e+02
   1.0000000e+00   1.0000000e+00   2.4751118e-01   3.8000000e+02
   1.0000000e+00   1.0000000e+00   2.6624069e-01   3.8100000e+02
   1.0000000e+00   1.0000000e+00   2.7668657e-01   3.8200000e+02
   1.0000000e+00   1.0000000e+00   5.0315247e-01   3.8300000e+02
   1.0000000e+00   1.0000000e+00   1.4113827e-01   3.8400000e+02
   1.0000000e+00   1.0000000e+00   4.1362768e-01   3.8500000e+02
   1.0000000e+00   1.0000000e+00   4.1232687e-01   3.8600000e+02
   1.0000000e+00   1.0000000e+00   4.4218551e-01   3.8700000e+02
   1.0000000e+00   1.0000000e+00   3.4818228e-01   3.8800000e+02
   1.0000000e+00   1.0000000e+00   1.6311544e-01   3.8900000e+02
   1.0000000e+00   1.0000000e+00   4.0148102e-01   3.9000000e+02
   1.0000000e+00   1.0000000e+00   3.6825628e-01   3.9100000e+02
   1.0000000e+00   1.0000000e+00   3.8634888e-01   3.9200000e+02
   1.0000000e+00   1.0000000e+00   3.3737429e-01   3.9300000e+02
   1.0000000e+00   1.0000000e+00   4.3115192e-01   3.9400000e+02
   1.0000000e+00   1.0000000e+00   3.0754306e-01   3.9500000e+02
   1.0000000e+00   1.0000000e+00   1.5515320e-01   3.9600000e+02
   1.0000000e+00   1.0000000e+00   4.1908428e-01   3.9700000e+02
   1.0000000e+00   1.0000000e+00   3.0497314e-01   3.9800000e+02
   1.0000000e+00   1.0000000e+00   3.1094282e-01   3.9900000e+02
   1.0000000e+00   1.0000000e+00   3.4844995e-01   4.0000000e+02
   1.0000000e+00   1.0000000e+00   4.9613013e-01   4.0100000e+02
   1.0000000e+00   1.0000000e+00   3.2670190e-01   4.0200000e+02
   1.0000000e+00   1.0000000e+00   5.3357604e-01   4.0300000e+02
   1.0000000e+00   1.0000000e+00   2.8533152e-01   4.0400000e+02
   1.0000000e+00   1.0000000e+00   4.0217488e-01   4.0500000e+02
   1.0000000e+00   1.0000000e+00   4.7528364e-01   4.0600000e+02
   1.0000000e+00   1.0000000e+00   5.2371577e-01   4.0700000e+02
   1.0000000e+00   1.0000000e+00   5.2181812e-01   4.0800000e+02
   1.0000000e+00   1.0000000e+00   4.0428072e-01   4.0900000e+02
   1.0000000e+00   1.0000000e+00   3.3691585e-01   4.1000000e+02
   1.0000000e+00   1.0000000e+00   3.7500134e-01   4.1100000e+02
   1.0000000e+00   1.0000000e+00   2.5180958e-01   4.1200000e+02
   1.0000000e+00   1.0000000e+00   3.2858145e-01   4.1300000e+02
   1.0000000e+00   1.0000000e+00   4.6068566e-01   4.1400000e+02
   1.0000000e+00   1.0000000e+00   2.4213225e-01   4.1500000e+02
   1.0000000e+00   1.0000000e+00   2.6025355e-01   4.1600000e+02
   1.0000000e+00   1.0000000e+00   4.5914969e-01   4.1700000e+02
   1.0000000e+00   1.0000000e+00   5.9836413e-01   4.1800000e+02
   1.0000000e+00   1.0000000e+00   1.6755790e-01   4.1900000e+02
   1.0000000e+00   1.0000000e+00   4.1846572e-01   4.2000000e+02
   1.0000000e+00   1.0000000e+00   4.2712144e-01   4.2100000e+02
   1.0000000e+00   1.0000000e+00   5.5179745e-01   4.2200000e+02
   1.0000000e+00   1.0000000e+00   4.2943701e-01   4.2300000e+02
   1.0000000e+00   1.0000000e+00   2.6201390e-01   4.2400000e+02
   1.0000000e+00   1.0000000e+00   1.8757702e-01   4.2500000e+02
   1.0000000e+00   1.0000000e+00   4.0596991e-01   4.2600000e+02
   1.0000000e+00   1.0000000e+00   2.1828607e-01   4.2700000e+02
   1.0000000e+00   1.0000000e+00   1.2558820e-01   4.2800000e+02
   1.0000000e+00   1.0000000e+00   4.1768332e-01   4.2900000e+02
   1.0000000e+00   1.0000000e+00   1.9286794e-01   4.3000000e+02
   1.0000000e+00   1.0000000e+00   4.7121424e-01   4.3100000e+02
   1.0000000e+00   1.0000000e+00   4.2530850e-01   4.3200000e+02
   1.0000000e+00   1.0000000e+00   5.3504213e-01   4.3300000e+02
   1.0000000e+00   1.0000000e+00   3.6171097e-01   4.3400000e+02
   1.0000000e+00   1.0000000e+00   4.0870129e-01   4.3500000e+02
   1.0000000e+00   1.0000000e+00   4.8038971e-01   4.3600000e+02
   1.0000000e+00   1.0000000e+00   4.6816370e-01   4.3700000e+02
   1.0000000e+00   1.0000000e+00   4.0229074e-01   4.3800000e+02
   1.0000000e+00   1.0000000e+00   3.1974004e-01   4.3900000e+02
   1.0000000e+00   1.0000000e+00   3.4689459e-01   4.4000000e+02
   1.0000000e+00   1.0000000e+00   5.0816613e-01   4.4100000e+02
   1.0000000e+00   1.0000000e+00   1.8493009e-01   4.4200000e+02
   1.0000000e+00   1.0000000e+00   1.8525776e-01   4.4300000e+02
   1.0000000e+00   1.0000000e+00   3.5078935e-01   4.4400000e+02
   1.0000000e+00   1.0000000e+00   3.2957497e-01   4.4500000e+02
   1.0000000e+00   1.0000000e+00   4.6124906e-01   4.4600000e+02
   1.0000000e+00   1.0000000e+00   5.3686680e-01   4.4700000e+02
   1.0000000e+00   1.0000000e+00   4.6781685e-01   4.4800000e+02
   1.0000000e+00   1.0000000e+00   4.8927649e-01   4.4900000e+02
   1.0000000e+00   1.0000000e+00   3.4894620e-01   4.5000000e+02
   1.0000000e+00   1.0000000e+00   3.0061520e-01   4.5100000e+02
   1.0000000e+00   1.0000000e+00   4.4999374e-01   4.5200000e+02
   1.0000000e+00   1.0000000e+00   4.4404855e-01   4.5300000e+02
   1.0000000e+00   1.0000000e+00   3.7230409e-01   4.5400000e+02
   1.0000000e+00   1.0000000e+00   3.8969112e-01   4.5500000e+02
   1.0000000e+00   1.0000000e+00   1.8040581e-01   4.5600000e+02
   1.0000000e+00   1.0000000e+00   3.7475324e-01   4.5700000e+02
   1.0000000e+00   1.0000000e+00   2.4534798e-01   4.5800000e+02
   1.0000000e+00   1.0000000e+00   3.7515743e-01   4.5900000e+02
